H2= tf([1/20e6 1],[1/17.857e6 1]);
H= -3800 * H2;
bode_as([-3800*1/20e6 -3800],[1/17.857e6 1]);
